0.6097123859981116 0.02204477493017548 0.991556488360658
0.3249532973665268 0.5392582339495151 0.4055861234895181
0.4322372285706565 0.8217528932850054 0.3414822351710044
0.9725815911904863 0.4962427719476765 0.7348760811630132
0.11685490228902706 0.6335012967745473 0.28118597697209813
0.39896147203880217 0.09348485857269717 0.7938576164718256
0.1425793787579207 0.3012909255047024 0.6201149785220865
0.5270641158527315 0.45186388179355697 0.1847120058578905
0.5507465568561067 0.9377301292478377 0.42204821340837306
0.9420570057031354 0.20678746034388598 0.3840999143397348
0.3039708573465353 0.68191768646896 0.3648026951232214
0.05535420802996016 0.28104208718143997 0.836183671120577
